0
0
0
1931
1
0
0
1932
2
0
0
1931
3
0
0
1931
4
0
0
1931
5
0
0
1931
6
0
0
1931
7
0
0
1931
8
0
0
1931
9
0
0
1931
10
0
0
1931
11
0
0
1932
12
0
0
1931
13
0
0
1931
14
0
0
1931
15
0
0
1931
16
0
0
1931
17
0
0
1931
18
0
0
1931
19
0
0
1932
20
0
0
1931
21
0
0
1932
22
0
0
1932
23
0
0
1931
24
0
0
1931
25
0
0
1931
26
0
0
1931
27
0
0
1931
28
0
0
1931
29
0
0
1931
30
0
0
1931
31
0
0
1932
32
0
0
1931
33
0
0
1931
34
0
0
1931
35
0
0
1931
36
0
0
1931
37
0
0
1931
38
0
0
1931
39
0
0
1931
40
0
0
1931
41
0
0
1932
42
0
0
1931
43
0
0
1932
44
0
0
1931
45
0
0
1931
46
0
0
1931
47
0
0
1931
48
0
0
1931
49
0
0
1931
50
0
0
1931
51
0
0
1931
52
0
0
1931
53
0
0
1931
54
0
0
1931
55
0
0
1932
56
0
0
1931
57
0
0
1931
58
0
0
1931
59
0
0
1931
60
0
0
1931
61
0
0
1931
62
0
0
1930
63
0
0
1931
64
0
0
1931
65
0
0
1931
66
0
0
1931
67
0
0
1931
68
0
0
1931
69
0
0
1931
70
0
0
1931
71
0
0
1931
72
0
0
1932
73
0
0
1932
74
0
0
1931
75
0
0
1931
76
0
0
1931
77
0
0
1932
78
0
0
1931
79
0
0
1931
80
0
0
1930
81
0
0
1931
82
0
0
1931
83
0
0
1932
84
0
0
1932
85
0
0
1931
86
0
0
1931
87
0
0
1931
88
0
0
1932
89
0
0
1931
90
0
0
1931
91
0
0
1931
92
0
0
1931
93
0
0
1931
94
0
0
1931
95
0
0
1931
96
0
0
1931
97
0
0
1932
98
0
0
1930
99
0
0
1931
