0
0
0
800
1
0
0
381
2
0
0
382
3
0
0
381
4
0
0
381
5
0
0
381
6
0
0
381
7
0
0
381
8
0
0
381
9
0
0
381
10
0
0
381
11
0
0
381
12
0
0
382
13
0
0
381
14
0
0
381
15
0
0
381
16
0
0
382
17
0
0
381
18
0
0
381
19
0
0
381
20
0
0
382
21
0
0
381
22
0
0
382
23
0
0
381
24
0
0
382
25
0
0
381
26
0
0
382
27
0
0
381
28
0
0
382
29
0
0
381
30
0
0
382
31
0
0
381
32
0
0
381
33
0
0
381
34
0
0
382
35
0
0
382
36
0
0
381
37
0
0
382
38
0
0
381
39
0
0
381
40
0
0
380
41
0
0
382
42
0
0
382
43
0
0
381
44
0
0
381
45
0
0
381
46
0
0
381
47
0
0
381
48
0
0
382
49
0
0
381
50
0
0
382
51
0
0
382
52
0
0
381
53
0
0
382
54
0
0
382
55
0
0
381
56
0
0
381
57
0
0
381
58
0
0
381
59
0
0
382
60
0
0
382
61
0
0
381
62
0
0
381
63
0
0
381
64
0
0
381
65
0
0
381
66
0
0
381
67
0
0
381
68
0
0
381
69
0
0
381
70
0
0
382
71
0
0
381
72
0
0
381
73
0
0
382
74
0
0
381
75
0
0
382
76
0
0
382
77
0
0
381
78
0
0
380
79
0
0
381
80
0
0
381
81
0
0
380
82
0
0
381
83
0
0
381
84
0
0
381
85
0
0
381
86
0
0
381
87
0
0
381
88
0
0
381
89
0
0
381
90
0
0
381
91
0
0
381
92
0
0
381
93
0
0
381
94
0
0
381
95
0
0
381
96
0
0
381
97
0
0
382
98
0
0
381
99
0
0
381
