0
0
0
377
1
0
0
378
2
0
0
378
3
0
0
378
4
0
0
379
5
0
0
379
6
0
0
378
7
0
0
378
8
0
0
378
9
0
0
378
10
0
0
378
11
0
0
378
12
0
0
378
13
0
0
379
14
0
0
378
15
0
0
378
16
0
0
377
17
0
0
378
18
0
0
378
19
0
0
378
20
0
0
378
21
0
0
379
22
0
0
378
23
0
0
378
24
0
0
378
25
0
0
378
26
0
0
378
27
0
0
378
28
0
0
378
29
0
0
378
30
0
0
378
31
0
0
379
32
0
0
378
33
0
0
378
34
0
0
379
35
0
0
379
36
0
0
378
37
0
0
378
38
0
0
378
39
0
0
378
40
0
0
379
41
0
0
379
42
0
0
378
43
0
0
379
44
0
0
378
45
0
0
379
46
0
0
378
47
0
0
378
48
0
0
378
49
0
0
378
50
0
0
378
51
0
0
378
52
0
0
378
53
0
0
378
54
0
0
378
55
0
0
378
56
0
0
379
57
0
0
378
58
0
0
378
59
0
0
378
60
0
0
378
61
0
0
379
62
0
0
378
63
0
0
378
64
0
0
378
65
0
0
379
66
0
0
379
67
0
0
379
68
0
0
379
69
0
0
378
70
0
0
378
71
0
0
378
72
0
0
378
73
0
0
378
74
0
0
379
75
0
0
378
76
0
0
378
77
0
0
378
78
0
0
379
79
0
0
378
80
0
0
378
81
0
0
378
82
0
0
378
83
0
0
379
84
0
0
378
85
0
0
378
86
0
0
378
87
0
0
378
88
0
0
378
89
0
0
378
90
0
0
378
91
0
0
378
92
0
0
378
93
0
0
378
94
0
0
378
95
0
0
377
96
0
0
377
97
0
0
378
98
0
0
378
99
0
0
378
