0
0
0
379
1
0
0
566
2
0
0
566
3
0
0
566
4
0
0
566
5
0
0
566
6
0
0
566
7
0
0
566
8
0
0
566
9
0
0
567
10
0
0
566
11
0
0
566
12
0
0
567
13
0
0
566
14
0
0
566
15
0
0
566
16
0
0
567
17
0
0
566
18
0
0
566
19
0
0
566
20
0
0
566
21
0
0
566
22
0
0
566
23
0
0
566
24
0
0
567
25
0
0
567
26
0
0
566
27
0
0
566
28
0
0
566
29
0
0
566
30
0
0
567
31
0
0
566
32
0
0
567
33
0
0
567
34
0
0
567
35
0
0
567
36
0
0
566
37
0
0
567
38
0
0
566
39
0
0
567
40
0
0
566
41
0
0
567
42
0
0
566
43
0
0
566
44
0
0
567
45
0
0
566
46
0
0
567
47
0
0
566
48
0
0
567
49
0
0
567
50
0
0
567
51
0
0
567
52
0
0
567
53
0
0
567
54
0
0
567
55
0
0
566
56
0
0
567
57
0
0
567
58
0
0
567
59
0
0
567
60
0
0
567
61
0
0
567
62
0
0
567
63
0
0
567
64
0
0
566
65
0
0
567
66
0
0
567
67
0
0
567
68
0
0
567
69
0
0
566
70
0
0
567
71
0
0
567
72
0
0
567
73
0
0
566
74
0
0
567
75
0
0
566
76
0
0
566
77
0
0
567
78
0
0
567
79
0
0
567
80
0
0
566
81
0
0
567
82
0
0
566
83
0
0
567
84
0
0
566
85
0
0
566
86
0
0
567
87
0
0
567
88
0
0
567
89
0
0
566
90
0
0
566
91
0
0
566
92
0
0
567
93
0
0
566
94
0
0
567
95
0
0
566
96
0
0
567
97
0
0
567
98
0
0
567
99
0
0
566
