0
0
0
681
1
0
0
682
2
0
0
681
3
0
0
682
4
0
0
681
5
0
0
681
6
0
0
681
7
0
0
681
8
0
0
683
9
0
0
682
10
0
0
682
11
0
0
682
12
0
0
681
13
0
0
682
14
0
0
681
15
0
0
681
16
0
0
682
17
0
0
681
18
0
0
682
19
0
0
682
20
0
0
681
21
0
0
682
22
0
0
681
23
0
0
682
24
0
0
682
25
0
0
682
26
0
0
682
27
0
0
682
28
0
0
682
29
0
0
682
30
0
0
682
31
0
0
682
32
0
0
682
33
0
0
681
34
0
0
682
35
0
0
681
36
0
0
682
37
0
0
682
38
0
0
681
39
0
0
682
40
0
0
682
41
0
0
682
42
0
0
681
43
0
0
682
44
0
0
681
45
0
0
682
46
0
0
681
47
0
0
681
48
0
0
681
49
0
0
681
50
0
0
681
51
0
0
682
52
0
0
681
53
0
0
682
54
0
0
681
55
0
0
682
56
0
0
681
57
0
0
681
58
0
0
681
59
0
0
682
60
0
0
681
61
0
0
682
62
0
0
681
63
0
0
682
64
0
0
681
65
0
0
682
66
0
0
682
67
0
0
682
68
0
0
681
69
0
0
682
70
0
0
682
71
0
0
681
72
0
0
682
73
0
0
681
74
0
0
681
75
0
0
681
76
0
0
683
77
0
0
681
78
0
0
682
79
0
0
681
80
0
0
682
81
0
0
681
82
0
0
682
83
0
0
682
84
0
0
681
85
0
0
681
86
0
0
681
87
0
0
682
88
0
0
681
89
0
0
681
90
0
0
682
91
0
0
682
92
0
0
681
93
0
0
682
94
0
0
682
95
0
0
681
96
0
0
682
97
0
0
681
98
0
0
681
99
0
0
682
