0
0
0
566
1
0
0
737
2
0
0
736
3
0
0
737
4
0
0
736
5
0
0
736
6
0
0
737
7
0
0
737
8
0
0
736
9
0
0
737
10
0
0
736
11
0
0
736
12
0
0
736
13
0
0
736
14
0
0
737
15
0
0
737
16
0
0
736
17
0
0
736
18
0
0
737
19
0
0
737
20
0
0
736
21
0
0
737
22
0
0
736
23
0
0
737
24
0
0
737
25
0
0
737
26
0
0
736
27
0
0
736
28
0
0
737
29
0
0
736
30
0
0
737
31
0
0
736
32
0
0
736
33
0
0
737
34
0
0
736
35
0
0
737
36
0
0
737
37
0
0
736
38
0
0
736
39
0
0
736
40
0
0
737
41
0
0
737
42
0
0
736
43
0
0
737
44
0
0
736
45
0
0
736
46
0
0
736
47
0
0
737
48
0
0
737
49
0
0
736
50
0
0
736
51
0
0
737
52
0
0
736
53
0
0
737
54
0
0
736
55
0
0
737
56
0
0
737
57
0
0
736
58
0
0
737
59
0
0
737
60
0
0
737
61
0
0
737
62
0
0
737
63
0
0
737
64
0
0
736
65
0
0
737
66
0
0
737
67
0
0
736
68
0
0
737
69
0
0
737
70
0
0
736
71
0
0
736
72
0
0
737
73
0
0
736
74
0
0
737
75
0
0
736
76
0
0
737
77
0
0
736
78
0
0
736
79
0
0
737
80
0
0
737
81
0
0
737
82
0
0
736
83
0
0
736
84
0
0
737
85
0
0
736
86
0
0
736
87
0
0
737
88
0
0
737
89
0
0
736
90
0
0
737
91
0
0
737
92
0
0
737
93
0
0
737
94
0
0
736
95
0
0
737
96
0
0
737
97
0
0
736
98
0
0
737
99
0
0
737
