0
0
0
878
1
0
0
799
2
0
0
799
3
0
0
798
4
0
0
799
5
0
0
799
6
0
0
799
7
0
0
798
8
0
0
799
9
0
0
799
10
0
0
799
11
0
0
799
12
0
0
799
13
0
0
799
14
0
0
798
15
0
0
799
16
0
0
799
17
0
0
799
18
0
0
799
19
0
0
799
20
0
0
799
21
0
0
799
22
0
0
799
23
0
0
799
24
0
0
800
25
0
0
800
26
0
0
799
27
0
0
799
28
0
0
799
29
0
0
800
30
0
0
799
31
0
0
799
32
0
0
799
33
0
0
799
34
0
0
799
35
0
0
799
36
0
0
800
37
0
0
800
38
0
0
799
39
0
0
800
40
0
0
800
41
0
0
799
42
0
0
799
43
0
0
799
44
0
0
799
45
0
0
799
46
0
0
800
47
0
0
799
48
0
0
799
49
0
0
799
50
0
0
800
51
0
0
799
52
0
0
799
53
0
0
800
54
0
0
799
55
0
0
799
56
0
0
799
57
0
0
799
58
0
0
800
59
0
0
798
60
0
0
799
61
0
0
799
62
0
0
799
63
0
0
799
64
0
0
799
65
0
0
799
66
0
0
799
67
0
0
799
68
0
0
800
69
0
0
799
70
0
0
800
71
0
0
799
72
0
0
799
73
0
0
799
74
0
0
799
75
0
0
799
76
0
0
799
77
0
0
800
78
0
0
798
79
0
0
799
80
0
0
799
81
0
0
799
82
0
0
799
83
0
0
799
84
0
0
800
85
0
0
800
86
0
0
799
87
0
0
799
88
0
0
799
89
0
0
799
90
0
0
799
91
0
0
799
92
0
0
800
93
0
0
799
94
0
0
799
95
0
0
800
96
0
0
799
97
0
0
799
98
0
0
799
99
0
0
800
