0
0
0
1013
1
0
0
877
2
0
0
877
3
0
0
878
4
0
0
878
5
0
0
878
6
0
0
878
7
0
0
877
8
0
0
877
9
0
0
877
10
0
0
878
11
0
0
878
12
0
0
878
13
0
0
878
14
0
0
877
15
0
0
877
16
0
0
878
17
0
0
877
18
0
0
877
19
0
0
877
20
0
0
878
21
0
0
877
22
0
0
878
23
0
0
878
24
0
0
878
25
0
0
878
26
0
0
878
27
0
0
878
28
0
0
878
29
0
0
878
30
0
0
878
31
0
0
878
32
0
0
877
33
0
0
878
34
0
0
878
35
0
0
878
36
0
0
878
37
0
0
877
38
0
0
878
39
0
0
877
40
0
0
878
41
0
0
877
42
0
0
878
43
0
0
878
44
0
0
877
45
0
0
877
46
0
0
878
47
0
0
878
48
0
0
877
49
0
0
877
50
0
0
878
51
0
0
878
52
0
0
878
53
0
0
878
54
0
0
878
55
0
0
878
56
0
0
877
57
0
0
877
58
0
0
878
59
0
0
877
60
0
0
877
61
0
0
878
62
0
0
877
63
0
0
877
64
0
0
877
65
0
0
878
66
0
0
878
67
0
0
878
68
0
0
878
69
0
0
878
70
0
0
878
71
0
0
878
72
0
0
878
73
0
0
877
74
0
0
878
75
0
0
878
76
0
0
878
77
0
0
877
78
0
0
878
79
0
0
878
80
0
0
878
81
0
0
877
82
0
0
878
83
0
0
877
84
0
0
877
85
0
0
877
86
0
0
878
87
0
0
877
88
0
0
878
89
0
0
878
90
0
0
877
91
0
0
878
92
0
0
878
93
0
0
878
94
0
0
877
95
0
0
877
96
0
0
877
97
0
0
878
98
0
0
878
99
0
0
877
