0
0
0
971
1
0
0
971
2
0
0
971
3
0
0
971
4
0
0
971
5
0
0
971
6
0
0
972
7
0
0
971
8
0
0
971
9
0
0
971
10
0
0
971
11
0
0
972
12
0
0
971
13
0
0
971
14
0
0
971
15
0
0
971
16
0
0
971
17
0
0
971
18
0
0
971
19
0
0
971
20
0
0
972
21
0
0
971
22
0
0
972
23
0
0
971
24
0
0
972
25
0
0
972
26
0
0
972
27
0
0
971
28
0
0
971
29
0
0
972
30
0
0
971
31
0
0
971
32
0
0
972
33
0
0
972
34
0
0
971
35
0
0
972
36
0
0
971
37
0
0
971
38
0
0
972
39
0
0
971
40
0
0
972
41
0
0
971
42
0
0
971
43
0
0
971
44
0
0
972
45
0
0
971
46
0
0
971
47
0
0
971
48
0
0
971
49
0
0
971
50
0
0
972
51
0
0
971
52
0
0
972
53
0
0
971
54
0
0
972
55
0
0
971
56
0
0
972
57
0
0
972
58
0
0
972
59
0
0
972
60
0
0
972
61
0
0
972
62
0
0
971
63
0
0
971
64
0
0
972
65
0
0
972
66
0
0
971
67
0
0
972
68
0
0
971
69
0
0
972
70
0
0
972
71
0
0
972
72
0
0
971
73
0
0
972
74
0
0
971
75
0
0
972
76
0
0
972
77
0
0
972
78
0
0
972
79
0
0
972
80
0
0
972
81
0
0
972
82
0
0
971
83
0
0
971
84
0
0
972
85
0
0
972
86
0
0
972
87
0
0
972
88
0
0
972
89
0
0
972
90
0
0
972
91
0
0
972
92
0
0
972
93
0
0
972
94
0
0
971
95
0
0
971
96
0
0
971
97
0
0
972
98
0
0
972
99
0
0
971
