0
0
0
736
1
0
0
1014
2
0
0
1014
3
0
0
1015
4
0
0
1014
5
0
0
1014
6
0
0
1015
7
0
0
1015
8
0
0
1015
9
0
0
1015
10
0
0
1014
11
0
0
1015
12
0
0
1015
13
0
0
1015
14
0
0
1014
15
0
0
1015
16
0
0
1015
17
0
0
1015
18
0
0
1014
19
0
0
1015
20
0
0
1015
21
0
0
1015
22
0
0
1014
23
0
0
1015
24
0
0
1015
25
0
0
1014
26
0
0
1015
27
0
0
1015
28
0
0
1015
29
0
0
1015
30
0
0
1015
31
0
0
1015
32
0
0
1014
33
0
0
1015
34
0
0
1015
35
0
0
1015
36
0
0
1014
37
0
0
1014
38
0
0
1015
39
0
0
1014
40
0
0
1015
41
0
0
1015
42
0
0
1014
43
0
0
1014
44
0
0
1015
45
0
0
1014
46
0
0
1015
47
0
0
1015
48
0
0
1014
49
0
0
1015
50
0
0
1015
51
0
0
1014
52
0
0
1015
53
0
0
1014
54
0
0
1014
55
0
0
1015
56
0
0
1015
57
0
0
1014
58
0
0
1015
59
0
0
1015
60
0
0
1015
61
0
0
1014
62
0
0
1014
63
0
0
1014
64
0
0
1014
65
0
0
1014
66
0
0
1014
67
0
0
1015
68
0
0
1014
69
0
0
1015
70
0
0
1015
71
0
0
1014
72
0
0
1014
73
0
0
1015
74
0
0
1015
75
0
0
1014
76
0
0
1014
77
0
0
1014
78
0
0
1014
79
0
0
1015
80
0
0
1014
81
0
0
1014
82
0
0
1014
83
0
0
1014
84
0
0
1014
85
0
0
1015
86
0
0
1014
87
0
0
1014
88
0
0
1015
89
0
0
1014
90
0
0
1015
91
0
0
1014
92
0
0
1014
93
0
0
1015
94
0
0
1014
95
0
0
1014
96
0
0
1014
97
0
0
1014
98
0
0
1015
99
0
0
1015
