0
0
0
8989
1
0
0
11756
2
0
0
11755
3
0
0
11756
4
0
0
11756
5
0
0
11755
6
0
0
11756
7
0
0
11757
8
0
0
11757
9
0
0
11756
10
0
0
11757
11
0
0
11756
12
0
0
11757
13
0
0
11756
14
0
0
11756
15
0
0
11757
16
0
0
11757
17
0
0
11757
18
0
0
11756
19
0
0
11757
20
0
0
11758
21
0
0
11757
22
0
0
11757
23
0
0
11757
24
0
0
11758
25
0
0
11758
26
0
0
11758
27
0
0
11758
28
0
0
11757
29
0
0
11758
30
0
0
11757
31
0
0
11758
32
0
0
11757
33
0
0
11758
34
0
0
11759
35
0
0
11758
36
0
0
11757
37
0
0
11758
38
0
0
11758
39
0
0
11759
40
0
0
11758
41
0
0
11758
42
0
0
11758
43
0
0
11759
44
0
0
11758
45
0
0
11759
46
0
0
11759
47
0
0
11759
48
0
0
11759
49
0
0
11759
50
0
0
11758
51
0
0
11759
52
0
0
11759
53
0
0
11760
54
0
0
11760
55
0
0
11759
56
0
0
11760
57
0
0
11760
58
0
0
11760
59
0
0
11759
60
0
0
11760
61
0
0
11760
62
0
0
11760
63
0
0
11759
64
0
0
11760
65
0
0
11760
66
0
0
11760
67
0
0
11760
68
0
0
11760
69
0
0
11760
70
0
0
11760
71
0
0
11760
72
0
0
11760
73
0
0
11760
74
0
0
11759
75
0
0
11760
76
0
0
11760
77
0
0
11760
78
0
0
11760
79
0
0
11760
80
0
0
11761
81
0
0
11761
82
0
0
11761
83
0
0
11761
84
0
0
11760
85
0
0
11760
86
0
0
11761
87
0
0
11760
88
0
0
11761
89
0
0
11760
90
0
0
11761
91
0
0
11761
92
0
0
11761
93
0
0
11761
94
0
0
11760
95
0
0
11761
96
0
0
11760
97
0
0
11761
98
0
0
11762
99
0
0
11761
