0
0
0
28072
1
0
0
12932
2
0
0
12933
3
0
0
12936
4
0
0
12936
5
0
0
12936
6
0
0
12940
7
0
0
12938
8
0
0
12940
9
0
0
12941
10
0
0
12944
11
0
0
12945
12
0
0
12945
13
0
0
12946
14
0
0
12947
15
0
0
12947
16
0
0
12948
17
0
0
12948
18
0
0
12949
19
0
0
12951
20
0
0
12951
21
0
0
12954
22
0
0
12955
23
0
0
12953
24
0
0
12954
25
0
0
12954
26
0
0
12956
27
0
0
12956
28
0
0
12957
29
0
0
12958
30
0
0
12958
31
0
0
12960
32
0
0
12961
33
0
0
12961
34
0
0
12961
35
0
0
12960
36
0
0
12961
37
0
0
12963
38
0
0
12962
39
0
0
12962
40
0
0
12963
41
0
0
12963
42
0
0
12964
43
0
0
12964
44
0
0
12964
45
0
0
12964
46
0
0
12965
47
0
0
12965
48
0
0
12963
49
0
0
12963
50
0
0
12963
51
0
0
12964
52
0
0
12965
53
0
0
12964
54
0
0
12964
55
0
0
12965
56
0
0
12964
57
0
0
12965
58
0
0
12964
59
0
0
12964
60
0
0
12964
61
0
0
12964
62
0
0
12964
63
0
0
12963
64
0
0
12963
65
0
0
12963
66
0
0
12962
67
0
0
12962
68
0
0
12963
69
0
0
12963
70
0
0
12962
71
0
0
12963
72
0
0
12963
73
0
0
12964
74
0
0
12963
75
0
0
12962
76
0
0
12964
77
0
0
12963
78
0
0
12964
79
0
0
12964
80
0
0
12963
81
0
0
12964
82
0
0
12963
83
0
0
12963
84
0
0
12963
85
0
0
12963
86
0
0
12963
87
0
0
12963
88
0
0
12963
89
0
0
12963
90
0
0
12963
91
0
0
12962
92
0
0
12963
93
0
0
12962
94
0
0
12962
95
0
0
12963
96
0
0
12961
97
0
0
12963
98
0
0
12962
99
0
0
12961
