0
0
0
11766
1
0
0
14639
2
0
0
14636
3
0
0
14635
4
0
0
14634
5
0
0
14632
6
0
0
14629
7
0
0
14634
8
0
0
14632
9
0
0
14638
10
0
0
14636
11
0
0
14635
12
0
0
14639
13
0
0
14639
14
0
0
14639
15
0
0
14641
16
0
0
14641
17
0
0
14640
18
0
0
14641
19
0
0
14645
20
0
0
14647
21
0
0
14647
22
0
0
14648
23
0
0
14652
24
0
0
14657
25
0
0
14648
26
0
0
14650
27
0
0
14656
28
0
0
14657
29
0
0
14654
30
0
0
14659
31
0
0
14659
32
0
0
14657
33
0
0
14655
34
0
0
14652
35
0
0
14651
36
0
0
14650
37
0
0
14658
38
0
0
14655
39
0
0
14656
40
0
0
14661
41
0
0
14665
42
0
0
14659
43
0
0
14661
44
0
0
14666
45
0
0
14662
46
0
0
14662
47
0
0
14669
48
0
0
14671
49
0
0
14671
50
0
0
14669
51
0
0
14676
52
0
0
14677
53
0
0
14675
54
0
0
14676
55
0
0
14680
56
0
0
14677
57
0
0
14679
58
0
0
14682
59
0
0
14685
60
0
0
14689
61
0
0
14688
62
0
0
14687
63
0
0
14694
64
0
0
14692
65
0
0
14689
66
0
0
14693
67
0
0
14689
68
0
0
14690
69
0
0
14693
70
0
0
14691
71
0
0
14690
72
0
0
14692
73
0
0
14699
74
0
0
14696
75
0
0
14700
76
0
0
14698
77
0
0
14694
78
0
0
14695
79
0
0
14693
80
0
0
14690
81
0
0
14686
82
0
0
14688
83
0
0
14688
84
0
0
14693
85
0
0
14687
86
0
0
14688
87
0
0
14690
88
0
0
14696
89
0
0
14692
90
0
0
14696
91
0
0
14694
92
0
0
14696
93
0
0
14696
94
0
0
14698
95
0
0
14696
96
0
0
14700
97
0
0
14702
98
0
0
14706
99
0
0
14704
