0
0
0
21632
1
0
0
1605
2
0
0
1606
3
0
0
1598
4
0
0
1590
5
0
0
1600
6
0
0
1592
7
0
0
1594
8
0
0
1597
9
0
0
1591
10
0
0
1587
11
0
0
1584
12
0
0
1586
13
0
0
1586
14
0
0
1588
15
0
0
1589
16
0
0
1593
17
0
0
1584
18
0
0
1587
19
0
0
1585
20
0
0
1583
21
0
0
1606
22
0
0
1614
23
0
0
1617
24
0
0
1623
25
0
0
1619
26
0
0
1621
27
0
0
1619
28
0
0
1614
29
0
0
1614
30
0
0
1614
31
0
0
1614
32
0
0
1616
33
0
0
1617
34
0
0
1616
35
0
0
1617
36
0
0
1626
37
0
0
1628
38
0
0
1626
39
0
0
1626
40
0
0
1624
41
0
0
1626
42
0
0
1629
43
0
0
1627
44
0
0
1628
45
0
0
1628
46
0
0
1627
47
0
0
1630
48
0
0
1628
49
0
0
1634
50
0
0
1639
51
0
0
1641
52
0
0
1637
53
0
0
1636
54
0
0
1633
55
0
0
1631
56
0
0
1632
57
0
0
1631
58
0
0
1629
59
0
0
1626
60
0
0
1623
61
0
0
1621
62
0
0
1619
63
0
0
1618
64
0
0
1613
65
0
0
1618
66
0
0
1616
67
0
0
1615
68
0
0
1619
69
0
0
1617
70
0
0
1620
71
0
0
1622
72
0
0
1626
73
0
0
1627
74
0
0
1618
75
0
0
1615
76
0
0
1618
77
0
0
1632
78
0
0
1626
79
0
0
1613
80
0
0
1614
81
0
0
1613
82
0
0
1610
83
0
0
1623
84
0
0
1624
85
0
0
1617
86
0
0
1612
87
0
0
1610
88
0
0
1611
89
0
0
1610
90
0
0
1610
91
0
0
1605
92
0
0
1606
93
0
0
1606
94
0
0
1603
95
0
0
1606
96
0
0
1608
97
0
0
1617
98
0
0
1610
99
0
0
1608
