0
0
0
1638
1
0
0
1641
2
0
0
1641
3
0
0
1641
4
0
0
1642
5
0
0
1640
6
0
0
1641
7
0
0
1640
8
0
0
1641
9
0
0
1640
10
0
0
1639
11
0
0
1639
12
0
0
1639
13
0
0
1639
14
0
0
1640
15
0
0
1640
16
0
0
1640
17
0
0
1640
18
0
0
1640
19
0
0
1641
20
0
0
1641
21
0
0
1641
22
0
0
1640
23
0
0
1642
24
0
0
1643
25
0
0
1643
26
0
0
1643
27
0
0
1644
28
0
0
1643
29
0
0
1642
30
0
0
1642
31
0
0
1642
32
0
0
1642
33
0
0
1643
34
0
0
1643
35
0
0
1643
36
0
0
1642
37
0
0
1643
38
0
0
1642
39
0
0
1643
40
0
0
1643
41
0
0
1644
42
0
0
1643
43
0
0
1644
44
0
0
1643
45
0
0
1643
46
0
0
1644
47
0
0
1642
48
0
0
1643
49
0
0
1644
50
0
0
1643
51
0
0
1642
52
0
0
1643
53
0
0
1642
54
0
0
1643
55
0
0
1643
56
0
0
1641
57
0
0
1642
58
0
0
1641
59
0
0
1643
60
0
0
1643
61
0
0
1644
62
0
0
1644
63
0
0
1644
64
0
0
1643
65
0
0
1643
66
0
0
1644
67
0
0
1643
68
0
0
1643
69
0
0
1642
70
0
0
1642
71
0
0
1644
72
0
0
1644
73
0
0
1642
74
0
0
1641
75
0
0
1641
76
0
0
1640
77
0
0
1642
78
0
0
1641
79
0
0
1641
80
0
0
1643
81
0
0
1641
82
0
0
1642
83
0
0
1642
84
0
0
1643
85
0
0
1642
86
0
0
1643
87
0
0
1642
88
0
0
1643
89
0
0
1644
90
0
0
1644
91
0
0
1644
92
0
0
1643
93
0
0
1643
94
0
0
1643
95
0
0
1644
96
0
0
1643
97
0
0
1643
98
0
0
1642
99
0
0
1642
