0
0
0
24122
1
0
0
16746
2
0
0
16745
3
0
0
16744
4
0
0
16745
5
0
0
16742
6
0
0
16750
7
0
0
16753
8
0
0
16750
9
0
0
16748
10
0
0
16747
11
0
0
16749
12
0
0
16742
13
0
0
16744
14
0
0
16748
15
0
0
16745
16
0
0
16743
17
0
0
16744
18
0
0
16743
19
0
0
16744
20
0
0
16744
21
0
0
16749
22
0
0
16745
23
0
0
16746
24
0
0
16742
25
0
0
16746
26
0
0
16746
27
0
0
16749
28
0
0
16746
29
0
0
16746
30
0
0
16750
31
0
0
16744
32
0
0
16748
33
0
0
16742
34
0
0
16741
35
0
0
16742
36
0
0
16741
37
0
0
16742
38
0
0
16741
39
0
0
16745
40
0
0
16743
41
0
0
16748
42
0
0
16741
43
0
0
16744
44
0
0
16746
45
0
0
16744
46
0
0
16742
47
0
0
16743
48
0
0
16740
49
0
0
16738
50
0
0
16742
51
0
0
16737
52
0
0
16740
53
0
0
16737
54
0
0
16737
55
0
0
16741
56
0
0
16738
57
0
0
16739
58
0
0
16737
59
0
0
16740
60
0
0
16740
61
0
0
16740
62
0
0
16742
63
0
0
16738
64
0
0
16736
65
0
0
16739
66
0
0
16736
67
0
0
16734
68
0
0
16739
69
0
0
16739
70
0
0
16743
71
0
0
16737
72
0
0
16741
73
0
0
16738
74
0
0
16741
75
0
0
16741
76
0
0
16741
77
0
0
16740
78
0
0
16742
79
0
0
16743
80
0
0
16740
81
0
0
16743
82
0
0
16742
83
0
0
16743
84
0
0
16741
85
0
0
16743
86
0
0
16740
87
0
0
16745
88
0
0
16746
89
0
0
16741
90
0
0
16744
91
0
0
16742
92
0
0
16742
93
0
0
16744
94
0
0
16745
95
0
0
16746
96
0
0
16747
97
0
0
16749
98
0
0
16748
99
0
0
16747
