0
0
0
14702
1
0
0
19408
2
0
0
19404
3
0
0
19405
4
0
0
19406
5
0
0
19403
6
0
0
19404
7
0
0
19404
8
0
0
19402
9
0
0
19405
10
0
0
19404
11
0
0
19408
12
0
0
19404
13
0
0
19401
14
0
0
19403
15
0
0
19405
16
0
0
19409
17
0
0
19406
18
0
0
19404
19
0
0
19406
20
0
0
19405
21
0
0
19405
22
0
0
19409
23
0
0
19410
24
0
0
19410
25
0
0
19411
26
0
0
19412
27
0
0
19405
28
0
0
19409
29
0
0
19410
30
0
0
19408
31
0
0
19406
32
0
0
19408
33
0
0
19407
34
0
0
19407
35
0
0
19407
36
0
0
19406
37
0
0
19410
38
0
0
19408
39
0
0
19409
40
0
0
19412
41
0
0
19411
42
0
0
19414
43
0
0
19413
44
0
0
19415
45
0
0
19411
46
0
0
19408
47
0
0
19407
48
0
0
19409
49
0
0
19414
50
0
0
19413
51
0
0
19412
52
0
0
19416
53
0
0
19413
54
0
0
19415
55
0
0
19411
56
0
0
19414
57
0
0
19413
58
0
0
19410
59
0
0
19414
60
0
0
19418
61
0
0
19412
62
0
0
19410
63
0
0
19407
64
0
0
19410
65
0
0
19409
66
0
0
19414
67
0
0
19415
68
0
0
19415
69
0
0
19415
70
0
0
19412
71
0
0
19415
72
0
0
19412
73
0
0
19412
74
0
0
19414
75
0
0
19416
76
0
0
19412
77
0
0
19414
78
0
0
19412
79
0
0
19412
80
0
0
19415
81
0
0
19417
82
0
0
19416
83
0
0
19417
84
0
0
19419
85
0
0
19421
86
0
0
19421
87
0
0
19417
88
0
0
19421
89
0
0
19415
90
0
0
19416
91
0
0
19416
92
0
0
19417
93
0
0
19415
94
0
0
19416
95
0
0
19417
96
0
0
19419
97
0
0
19418
98
0
0
19418
99
0
0
19421
