0
0
0
29270
1
0
0
21629
2
0
0
21628
3
0
0
21628
4
0
0
21629
5
0
0
21630
6
0
0
21633
7
0
0
21632
8
0
0
21630
9
0
0
21626
10
0
0
21632
11
0
0
21628
12
0
0
21630
13
0
0
21629
14
0
0
21629
15
0
0
21629
16
0
0
21629
17
0
0
21631
18
0
0
21631
19
0
0
21634
20
0
0
21633
21
0
0
21637
22
0
0
21635
23
0
0
21637
24
0
0
21635
25
0
0
21637
26
0
0
21634
27
0
0
21636
28
0
0
21636
29
0
0
21637
30
0
0
21636
31
0
0
21637
32
0
0
21635
33
0
0
21630
34
0
0
21630
35
0
0
21634
36
0
0
21635
37
0
0
21634
38
0
0
21632
39
0
0
21629
40
0
0
21632
41
0
0
21634
42
0
0
21632
43
0
0
21634
44
0
0
21632
45
0
0
21632
46
0
0
21632
47
0
0
21631
48
0
0
21634
49
0
0
21632
50
0
0
21631
51
0
0
21634
52
0
0
21631
53
0
0
21636
54
0
0
21634
55
0
0
21630
56
0
0
21638
57
0
0
21634
58
0
0
21633
59
0
0
21633
60
0
0
21634
61
0
0
21634
62
0
0
21632
63
0
0
21635
64
0
0
21635
65
0
0
21635
66
0
0
21634
67
0
0
21632
68
0
0
21632
69
0
0
21631
70
0
0
21633
71
0
0
21630
72
0
0
21633
73
0
0
21634
74
0
0
21631
75
0
0
21634
76
0
0
21635
77
0
0
21633
78
0
0
21630
79
0
0
21632
80
0
0
21633
81
0
0
21633
82
0
0
21634
83
0
0
21634
84
0
0
21632
85
0
0
21633
86
0
0
21632
87
0
0
21632
88
0
0
21634
89
0
0
21633
90
0
0
21634
91
0
0
21634
92
0
0
21633
93
0
0
21634
94
0
0
21636
95
0
0
21636
