0
0
0
19422
1
0
0
24125
2
0
0
24125
3
0
0
24129
4
0
0
24142
5
0
0
24150
6
0
0
24158
7
0
0
24164
8
0
0
24166
9
0
0
24174
10
0
0
24181
11
0
0
24189
12
0
0
24192
13
0
0
24191
14
0
0
24186
15
0
0
24184
16
0
0
24178
17
0
0
24175
18
0
0
24174
19
0
0
24170
20
0
0
24166
21
0
0
24164
22
0
0
24160
23
0
0
24163
24
0
0
24157
25
0
0
24156
26
0
0
24157
27
0
0
24158
28
0
0
24150
29
0
0
24146
30
0
0
24142
31
0
0
24144
32
0
0
24135
33
0
0
24133
34
0
0
24126
35
0
0
24123
36
0
0
24120
37
0
0
24122
38
0
0
24122
39
0
0
24117
40
0
0
24115
41
0
0
24115
42
0
0
24112
43
0
0
24114
44
0
0
24113
45
0
0
24116
46
0
0
24113
47
0
0
24113
48
0
0
24117
49
0
0
24118
50
0
0
24115
51
0
0
24119
52
0
0
24114
53
0
0
24112
54
0
0
24112
55
0
0
24111
56
0
0
24111
57
0
0
24116
58
0
0
24118
59
0
0
24115
60
0
0
24113
61
0
0
24113
62
0
0
24109
63
0
0
24117
64
0
0
24117
65
0
0
24115
66
0
0
24115
67
0
0
24114
68
0
0
24120
69
0
0
24114
70
0
0
24115
71
0
0
24114
72
0
0
24115
73
0
0
24112
74
0
0
24105
75
0
0
24111
76
0
0
24114
77
0
0
24116
78
0
0
24114
79
0
0
24113
80
0
0
24115
81
0
0
24119
82
0
0
24118
83
0
0
24122
84
0
0
24117
85
0
0
24119
86
0
0
24121
87
0
0
24117
88
0
0
24120
89
0
0
24122
90
0
0
24117
91
0
0
24120
92
0
0
24115
93
0
0
24119
94
0
0
24118
95
0
0
24117
96
0
0
24122
97
0
0
24119
98
0
0
24120
99
0
0
24121
