0
0
0
24892
1
0
0
25007
2
0
0
25009
3
0
0
25008
4
0
0
25009
5
0
0
25009
6
0
0
25002
7
0
0
25007
8
0
0
25013
9
0
0
25014
10
0
0
25018
11
0
0
25018
12
0
0
25016
13
0
0
25023
14
0
0
25029
15
0
0
25029
16
0
0
25030
17
0
0
25029
18
0
0
25029
19
0
0
25023
20
0
0
25025
21
0
0
25032
22
0
0
25030
23
0
0
25027
24
0
0
25037
25
0
0
25039
26
0
0
25040
27
0
0
25038
28
0
0
25037
29
0
0
25034
30
0
0
25036
31
0
0
25038
32
0
0
25039
33
0
0
25041
34
0
0
25036
35
0
0
25038
36
0
0
25040
37
0
0
25041
38
0
0
25043
39
0
0
25033
40
0
0
25041
41
0
0
25038
42
0
0
25038
43
0
0
25044
44
0
0
25041
45
0
0
25039
46
0
0
25040
47
0
0
25042
48
0
0
25042
49
0
0
25046
50
0
0
25047
51
0
0
25048
52
0
0
25053
53
0
0
25051
54
0
0
25052
55
0
0
25054
56
0
0
25049
57
0
0
25055
58
0
0
25057
59
0
0
25057
60
0
0
25064
61
0
0
25065
62
0
0
25066
63
0
0
25075
64
0
0
25078
65
0
0
25082
66
0
0
25082
67
0
0
25078
68
0
0
25077
69
0
0
25075
70
0
0
25078
71
0
0
25075
72
0
0
25082
73
0
0
25080
74
0
0
25077
75
0
0
25075
76
0
0
25081
77
0
0
25079
78
0
0
25081
79
0
0
25081
80
0
0
25083
81
0
0
25086
82
0
0
25085
83
0
0
25088
84
0
0
25087
85
0
0
25089
86
0
0
25088
87
0
0
25092
88
0
0
25090
89
0
0
25093
90
0
0
25092
91
0
0
25097
92
0
0
25100
93
0
0
25097
94
0
0
25100
95
0
0
25095
96
0
0
25099
97
0
0
25101
98
0
0
25100
99
0
0
25101
