0
0
0
25107
1
0
0
28003
2
0
0
28000
3
0
0
28007
4
0
0
28005
5
0
0
28007
6
0
0
28006
7
0
0
28007
8
0
0
28006
9
0
0
28009
10
0
0
28008
11
0
0
28012
12
0
0
28009
13
0
0
28013
14
0
0
28013
15
0
0
28013
16
0
0
28016
17
0
0
28017
18
0
0
28017
19
0
0
28016
20
0
0
28018
21
0
0
28018
22
0
0
28019
23
0
0
28023
24
0
0
28022
25
0
0
28024
26
0
0
28022
27
0
0
28022
28
0
0
28024
29
0
0
28024
30
0
0
28021
31
0
0
28023
32
0
0
28022
33
0
0
28023
34
0
0
28023
35
0
0
28026
36
0
0
28026
37
0
0
28026
38
0
0
28024
39
0
0
28025
40
0
0
28024
41
0
0
28026
42
0
0
28026
43
0
0
28024
44
0
0
28024
45
0
0
28024
46
0
0
28029
47
0
0
28031
48
0
0
28027
49
0
0
28029
50
0
0
28028
51
0
0
28029
52
0
0
28028
53
0
0
28030
54
0
0
28032
55
0
0
28032
56
0
0
28033
57
0
0
28035
58
0
0
28035
59
0
0
28038
60
0
0
28037
61
0
0
28038
62
0
0
28039
63
0
0
28037
64
0
0
28038
65
0
0
28038
66
0
0
28040
67
0
0
28038
68
0
0
28036
69
0
0
28033
70
0
0
28034
71
0
0
28035
72
0
0
28034
73
0
0
28033
74
0
0
28034
75
0
0
28039
76
0
0
28041
77
0
0
28038
78
0
0
28037
79
0
0
28040
80
0
0
28040
81
0
0
28043
82
0
0
28043
83
0
0
28043
84
0
0
28043
85
0
0
28048
86
0
0
28052
87
0
0
28055
88
0
0
28057
89
0
0
28058
90
0
0
28062
91
0
0
28064
92
0
0
28068
93
0
0
28066
94
0
0
28064
95
0
0
28066
96
0
0
28064
97
0
0
28065
98
0
0
28068
99
0
0
28069
