0
0
0
3909
1
0
0
28314
2
0
0
28322
3
0
0
28325
4
0
0
28326
5
0
0
28334
6
0
0
28335
7
0
0
28343
8
0
0
28348
9
0
0
28344
10
0
0
28349
11
0
0
28355
12
0
0
28363
13
0
0
28364
14
0
0
28372
15
0
0
28376
16
0
0
28379
17
0
0
28384
18
0
0
28389
19
0
0
28388
20
0
0
28393
21
0
0
28396
22
0
0
28410
23
0
0
28411
24
0
0
28401
25
0
0
28412
26
0
0
28411
27
0
0
28417
28
0
0
28423
29
0
0
28433
30
0
0
28440
31
0
0
28433
32
0
0
28445
33
0
0
28455
34
0
0
28458
35
0
0
28465
36
0
0
28473
37
0
0
28475
38
0
0
28483
39
0
0
28485
40
0
0
28480
41
0
0
28480
42
0
0
28482
43
0
0
28493
44
0
0
28493
45
0
0
28490
46
0
0
28489
47
0
0
28483
48
0
0
28487
49
0
0
28493
50
0
0
28495
51
0
0
28502
52
0
0
28493
53
0
0
28496
54
0
0
28505
55
0
0
28500
56
0
0
28503
57
0
0
28507
58
0
0
28507
59
0
0
28510
60
0
0
28503
61
0
0
28512
62
0
0
28526
63
0
0
28534
64
0
0
28538
65
0
0
28540
66
0
0
28538
67
0
0
28543
68
0
0
28549
69
0
0
28546
70
0
0
28541
71
0
0
28551
72
0
0
28547
73
0
0
28559
74
0
0
28560
75
0
0
28558
76
0
0
28556
77
0
0
28561
78
0
0
28568
79
0
0
28568
80
0
0
28575
81
0
0
28593
82
0
0
28586
83
0
0
28595
84
0
0
28602
85
0
0
28604
86
0
0
28594
87
0
0
28590
88
0
0
28597
89
0
0
28601
90
0
0
28601
91
0
0
28608
92
0
0
28608
93
0
0
28598
94
0
0
28607
95
0
0
28601
96
0
0
28601
97
0
0
28585
98
0
0
28574
99
0
0
28574
