0
0
0
16744
1
0
0
29242
2
0
0
29245
3
0
0
29242
4
0
0
29244
5
0
0
29242
6
0
0
29241
7
0
0
29243
8
0
0
29247
9
0
0
29242
10
0
0
29241
11
0
0
29244
12
0
0
29242
13
0
0
29241
14
0
0
29247
15
0
0
29246
16
0
0
29244
17
0
0
29243
18
0
0
29243
19
0
0
29245
20
0
0
29247
21
0
0
29245
22
0
0
29242
23
0
0
29244
24
0
0
29247
25
0
0
29245
26
0
0
29247
27
0
0
29244
28
0
0
29245
29
0
0
29243
30
0
0
29243
31
0
0
29241
32
0
0
29242
33
0
0
29244
34
0
0
29247
35
0
0
29245
36
0
0
29250
37
0
0
29250
38
0
0
29250
39
0
0
29249
40
0
0
29250
41
0
0
29252
42
0
0
29249
43
0
0
29254
44
0
0
29253
45
0
0
29251
46
0
0
29252
47
0
0
29254
48
0
0
29254
49
0
0
29255
50
0
0
29253
51
0
0
29253
52
0
0
29258
53
0
0
29257
54
0
0
29258
55
0
0
29255
56
0
0
29259
57
0
0
29257
58
0
0
29259
59
0
0
29258
60
0
0
29262
61
0
0
29258
62
0
0
29260
63
0
0
29257
64
0
0
29251
65
0
0
29253
66
0
0
29253
67
0
0
29251
68
0
0
29253
69
0
0
29253
70
0
0
29259
71
0
0
29257
72
0
0
29258
73
0
0
29255
74
0
0
29261
75
0
0
29266
76
0
0
29264
77
0
0
29262
78
0
0
29261
79
0
0
29259
80
0
0
29264
81
0
0
29268
82
0
0
29265
83
0
0
29261
84
0
0
29264
85
0
0
29260
86
0
0
29260
87
0
0
29260
88
0
0
29262
89
0
0
29262
90
0
0
29266
91
0
0
29266
92
0
0
29266
93
0
0
29269
94
0
0
29267
95
0
0
29270
96
0
0
29271
97
0
0
29270
98
0
0
29270
99
0
0
29269
