0
0
0
21709
1
0
0
3853
2
0
0
3859
3
0
0
3859
4
0
0
3850
5
0
0
3845
6
0
0
3836
7
0
0
3827
8
0
0
3808
9
0
0
3805
10
0
0
3803
11
0
0
3801
12
0
0
3802
13
0
0
3802
14
0
0
3805
15
0
0
3803
16
0
0
3803
17
0
0
3825
18
0
0
3834
19
0
0
3837
20
0
0
3839
21
0
0
3844
22
0
0
3847
23
0
0
3850
24
0
0
3853
25
0
0
3859
26
0
0
3863
27
0
0
3864
28
0
0
3868
29
0
0
3872
30
0
0
3875
31
0
0
3874
32
0
0
3876
33
0
0
3874
34
0
0
3873
35
0
0
3872
36
0
0
3875
37
0
0
3874
38
0
0
3876
39
0
0
3875
40
0
0
3874
41
0
0
3876
42
0
0
3879
43
0
0
3872
44
0
0
3876
45
0
0
3877
46
0
0
3877
47
0
0
3873
48
0
0
3873
49
0
0
3873
50
0
0
3878
51
0
0
3883
52
0
0
3881
53
0
0
3881
54
0
0
3888
55
0
0
3893
56
0
0
3899
57
0
0
3897
58
0
0
3895
59
0
0
3897
60
0
0
3897
61
0
0
3901
62
0
0
3898
63
0
0
3903
64
0
0
3906
65
0
0
3908
66
0
0
3910
67
0
0
3911
68
0
0
3910
69
0
0
3912
70
0
0
3912
71
0
0
3915
72
0
0
3913
73
0
0
3909
74
0
0
3905
75
0
0
3903
76
0
0
3905
77
0
0
3901
78
0
0
3900
79
0
0
3896
80
0
0
3899
81
0
0
3899
82
0
0
3900
83
0
0
3901
84
0
0
3898
85
0
0
3901
86
0
0
3903
87
0
0
3905
88
0
0
3906
89
0
0
3907
90
0
0
3906
91
0
0
3903
92
0
0
3904
93
0
0
3904
94
0
0
3905
95
0
0
3905
96
0
0
3905
97
0
0
3906
98
0
0
3905
99
0
0
3909
