0
0
0
7922
1
0
0
6628
2
0
0
6636
3
0
0
6632
4
0
0
6629
5
0
0
6632
6
0
0
6629
7
0
0
6626
8
0
0
6631
9
0
0
6628
10
0
0
6630
11
0
0
6629
12
0
0
6634
13
0
0
6632
14
0
0
6636
15
0
0
6629
16
0
0
6619
17
0
0
6628
18
0
0
6624
19
0
0
6631
20
0
0
6628
21
0
0
6641
22
0
0
6633
23
0
0
6636
24
0
0
6636
25
0
0
6638
26
0
0
6632
27
0
0
6634
28
0
0
6631
29
0
0
6635
30
0
0
6630
31
0
0
6634
32
0
0
6638
33
0
0
6647
34
0
0
6639
35
0
0
6639
36
0
0
6644
37
0
0
6641
38
0
0
6640
39
0
0
6640
40
0
0
6630
41
0
0
6638
42
0
0
6641
43
0
0
6645
44
0
0
6634
45
0
0
6639
46
0
0
6632
47
0
0
6638
48
0
0
6640
49
0
0
6637
50
0
0
6642
51
0
0
6640
52
0
0
6641
53
0
0
6639
54
0
0
6632
55
0
0
6636
56
0
0
6641
57
0
0
6641
58
0
0
6641
59
0
0
6646
60
0
0
6646
61
0
0
6638
62
0
0
6636
63
0
0
6639
64
0
0
6639
65
0
0
6633
66
0
0
6648
67
0
0
6636
68
0
0
6640
69
0
0
6638
70
0
0
6640
71
0
0
6648
72
0
0
6647
73
0
0
6643
74
0
0
6631
75
0
0
6638
76
0
0
6636
77
0
0
6633
78
0
0
6625
79
0
0
6640
80
0
0
6631
81
0
0
6628
82
0
0
6637
83
0
0
6633
84
0
0
6643
85
0
0
6640
86
0
0
6638
87
0
0
6642
88
0
0
6641
89
0
0
6639
90
0
0
6644
91
0
0
6647
92
0
0
6654
93
0
0
6648
94
0
0
6649
95
0
0
6656
96
0
0
6645
97
0
0
6651
98
0
0
6646
99
0
0
6638
