0
0
0
7893
1
0
0
7912
2
0
0
7922
3
0
0
7906
4
0
0
7917
5
0
0
7912
6
0
0
7905
7
0
0
7909
8
0
0
7909
9
0
0
7912
10
0
0
7916
11
0
0
7922
12
0
0
7907
13
0
0
7902
14
0
0
7906
15
0
0
7910
16
0
0
7900
17
0
0
7903
18
0
0
7907
19
0
0
7901
20
0
0
7912
21
0
0
7907
22
0
0
7903
23
0
0
7908
24
0
0
7897
25
0
0
7898
26
0
0
7905
27
0
0
7906
28
0
0
7911
29
0
0
7907
30
0
0
7905
31
0
0
7897
32
0
0
7911
33
0
0
7900
34
0
0
7905
35
0
0
7912
36
0
0
7905
37
0
0
7905
38
0
0
7901
39
0
0
7898
40
0
0
7904
41
0
0
7902
42
0
0
7901
43
0
0
7902
44
0
0
7899
45
0
0
7898
46
0
0
7898
47
0
0
7902
48
0
0
7902
49
0
0
7903
50
0
0
7900
51
0
0
7904
52
0
0
7902
53
0
0
7902
54
0
0
7909
55
0
0
7914
56
0
0
7914
57
0
0
7919
58
0
0
7907
59
0
0
7918
60
0
0
7915
61
0
0
7907
62
0
0
7917
63
0
0
7908
64
0
0
7914
65
0
0
7908
66
0
0
7909
67
0
0
7922
68
0
0
7911
69
0
0
7917
70
0
0
7914
71
0
0
7918
72
0
0
7918
73
0
0
7914
74
0
0
7918
75
0
0
7918
76
0
0
7908
77
0
0
7911
78
0
0
7913
79
0
0
7914
80
0
0
7911
81
0
0
7907
82
0
0
7913
83
0
0
7907
84
0
0
7905
85
0
0
7909
86
0
0
7912
87
0
0
7919
88
0
0
7914
89
0
0
7912
90
0
0
7914
91
0
0
7913
92
0
0
7921
93
0
0
7917
94
0
0
7915
95
0
0
7910
96
0
0
7912
97
0
0
7918
98
0
0
7915
99
0
0
7919
