0
0
0
28585
1
0
0
8963
2
0
0
8962
3
0
0
8964
4
0
0
8965
5
0
0
8966
6
0
0
8965
7
0
0
8965
8
0
0
8965
9
0
0
8965
10
0
0
8965
11
0
0
8964
12
0
0
8965
13
0
0
8965
14
0
0
8966
15
0
0
8964
16
0
0
8966
17
0
0
8965
18
0
0
8962
19
0
0
8964
20
0
0
8964
21
0
0
8962
22
0
0
8964
23
0
0
8966
24
0
0
8964
25
0
0
8965
26
0
0
8965
27
0
0
8966
28
0
0
8968
29
0
0
8968
30
0
0
8969
31
0
0
8971
32
0
0
8971
33
0
0
8971
34
0
0
8971
35
0
0
8971
36
0
0
8970
37
0
0
8971
38
0
0
8970
39
0
0
8972
40
0
0
8970
41
0
0
8969
42
0
0
8970
43
0
0
8970
44
0
0
8970
45
0
0
8969
46
0
0
8968
47
0
0
8970
48
0
0
8973
49
0
0
8972
50
0
0
8971
51
0
0
8971
52
0
0
8973
53
0
0
8972
54
0
0
8973
55
0
0
8973
56
0
0
8974
57
0
0
8974
58
0
0
8974
59
0
0
8974
60
0
0
8972
61
0
0
8973
62
0
0
8974
63
0
0
8974
64
0
0
8976
65
0
0
8978
66
0
0
8979
67
0
0
8979
68
0
0
8980
69
0
0
8978
70
0
0
8980
71
0
0
8980
72
0
0
8982
73
0
0
8982
74
0
0
8982
75
0
0
8983
76
0
0
8983
77
0
0
8982
78
0
0
8983
79
0
0
8984
80
0
0
8984
81
0
0
8986
82
0
0
8987
83
0
0
8987
84
0
0
8986
85
0
0
8987
86
0
0
8987
87
0
0
8988
88
0
0
8987
89
0
0
8986
90
0
0
8986
91
0
0
8986
92
0
0
8986
93
0
0
8986
94
0
0
8988
95
0
0
8987
96
0
0
8988
97
0
0
8989
98
0
0
8988
99
0
0
8990
